me
8
World The World
16 6 9984 
1000000 0 0 
1000000 0 0 
1000000 0 0 
Greenland North America
15 4 9985 
1000000 0 0 
1000000 0 0 
1000000 0 0 
Italy Europe
109 1 9591 
1000000 0 0 
1000000 0 0 
1000000 0 0 
United States of America North America
32 1 9968 
1000000 0 0 
1000000 0 0 
1000000 0 0 
Russia Asia
29 1 9971 
1000000 0 0 
1000000 0 0 
1000000 0 0 
South America The World
1000000 0 0 
13 1 9987 
1000000 0 0 
1000000 0 0 
North America The World
34 1 9966 
1000000 0 0 
1000000 0 0 
1000000 0 0 
Mongolia Asia
91 1 9909 
1000000 0 0 
1000000 0 0 
1000000 0 0 
sadsa
2
China Asia
110 2 9890 
1000000 0 0 
1000000 0 0 
1000000 0 0 
World The World
166 1 9834 
1000000 0 0 
1000000 0 0 
1000000 0 0 
